48
47 23 21 0 1 0.0 0.0 1.0 1.0
47 23 22 0 1 0.0 0.0 1.0 1.0
47 23 23 0 1 0.0 0.0 1.0 1.0
47 23 24 0 1 0.0 0.0 1.0 1.0
47 23 25 0 1 0.0 0.0 1.0 1.0
47 23 26 0 1 0.0 0.0 1.0 1.0
46 23 21 0 0 0.0 0.0 1.0 1.0
46 23 22 0 0 0.0 0.0 1.0 1.0
46 23 23 0 0 0.0 0.0 1.0 1.0
46 23 24 0 0 1.0 1.0 1.0 1.0
46 23 25 0 0 0.0 0.0 1.0 1.0
46 23 26 0 0 0.0 0.0 1.0 1.0
45 23 21 0 0 0.0 0.0 1.0 1.0
45 23 22 0 0 0.0 0.0 1.0 1.0
45 23 23 0 0 0.0 0.0 1.0 1.0
45 23 24 0 0 1.0 1.0 1.0 1.0
45 23 25 0 0 0.0 0.0 1.0 1.0
45 23 26 0 0 0.0 0.0 1.0 1.0
44 23 21 0 0 0.0 0.0 1.0 1.0
44 23 22 0 0 0.0 0.0 1.0 1.0
44 23 23 0 0 0.0 0.0 1.0 1.0
44 23 24 0 0 1.0 1.0 1.0 1.0
44 23 25 0 0 0.0 0.0 1.0 1.0
44 23 26 0 0 0.0 0.0 1.0 1.0
43 23 21 0 0 0.0 0.0 1.0 1.0
43 23 22 0 0 0.0 0.0 1.0 1.0
43 23 23 0 0 1.0 1.0 1.0 1.0
43 23 24 0 0 1.0 1.0 1.0 1.0
43 23 25 0 0 1.0 1.0 1.0 1.0
43 23 26 0 0 0.0 0.0 1.0 1.0
42 23 21 0 0 0.0 0.0 1.0 1.0
42 23 22 0 0 0.0 0.0 1.0 1.0
42 23 23 0 0 0.0 0.0 1.0 1.0
42 23 24 0 0 1.0 1.0 1.0 1.0
42 23 25 0 0 0.0 0.0 1.0 1.0
42 23 26 0 0 0.0 0.0 1.0 1.0
41 23 21 0 0 0.0 0.0 1.0 1.0
41 23 22 0 0 0.0 0.0 1.0 1.0
41 23 23 0 0 0.0 0.0 1.0 1.0
41 23 24 0 0 1.0 1.0 1.0 1.0
41 23 25 0 0 1.0 1.0 1.0 1.0
41 23 26 0 0 0.0 0.0 1.0 1.0
40 23 21 0 0 0.0 0.0 1.0 1.0
40 23 22 0 0 0.0 0.0 1.0 1.0
40 23 23 0 0 0.0 0.0 1.0 1.0
40 23 24 0 0 0.0 0.0 1.0 1.0
40 23 25 0 0 0.0 0.0 1.0 1.0
40 23 26 0 0 0.0 0.0 1.0 1.0
