64
63 31 28 0 1 0.0 0.0 1.0 1.0
63 31 29 0 1 0.0 0.0 1.0 1.0
63 31 30 0 1 0.0 0.0 1.0 1.0
63 31 31 0 1 0.0 0.0 1.0 1.0
63 31 32 0 1 0.0 0.0 1.0 1.0
63 31 33 0 1 0.0 0.0 1.0 1.0
63 31 34 0 1 0.0 0.0 1.0 1.0
63 31 35 0 1 0.0 0.0 1.0 1.0
62 31 28 0 0 0.0 0.0 1.0 1.0
62 31 29 0 0 0.0 0.0 1.0 1.0
62 31 30 0 0 0.0 0.0 1.0 1.0
62 31 31 0 0 0.0 0.0 1.0 1.0
62 31 32 0 0 0.0 0.0 1.0 1.0
62 31 33 0 0 1.0 1.0 1.0 1.0
62 31 34 0 0 0.0 0.0 1.0 1.0
62 31 35 0 0 0.0 0.0 1.0 1.0
61 31 28 0 0 0.0 0.0 1.0 1.0
61 31 29 0 0 0.0 0.0 1.0 1.0
61 31 30 0 0 0.0 0.0 1.0 1.0
61 31 31 0 0 0.0 0.0 1.0 1.0
61 31 32 0 0 0.0 0.0 1.0 1.0
61 31 33 0 0 1.0 1.0 1.0 1.0
61 31 34 0 0 0.0 0.0 1.0 1.0
61 31 35 0 0 0.0 0.0 1.0 1.0
60 31 28 0 0 0.0 0.0 1.0 1.0
60 31 29 0 0 0.0 0.0 1.0 1.0
60 31 30 0 0 0.0 0.0 1.0 1.0
60 31 31 0 0 0.0 0.0 1.0 1.0
60 31 32 0 0 0.0 0.0 1.0 1.0
60 31 33 0 0 1.0 1.0 1.0 1.0
60 31 34 0 0 0.0 0.0 1.0 1.0
60 31 35 0 0 0.0 0.0 1.0 1.0
59 31 28 0 0 0.0 0.0 1.0 1.0
59 31 29 0 0 0.0 0.0 1.0 1.0
59 31 30 0 0 0.0 0.0 1.0 1.0
59 31 31 0 0 0.0 0.0 1.0 1.0
59 31 32 0 0 1.0 1.0 1.0 1.0
59 31 33 0 0 1.0 1.0 1.0 1.0
59 31 34 0 0 1.0 1.0 1.0 1.0
59 31 35 0 0 0.0 0.0 1.0 1.0
58 31 28 0 0 0.0 0.0 1.0 1.0
58 31 29 0 0 0.0 0.0 1.0 1.0
58 31 30 0 0 0.0 0.0 1.0 1.0
58 31 31 0 0 0.0 0.0 1.0 1.0
58 31 32 0 0 0.0 0.0 1.0 1.0
58 31 33 0 0 1.0 1.0 1.0 1.0
58 31 34 0 0 0.0 0.0 1.0 1.0
58 31 35 0 0 0.0 0.0 1.0 1.0
57 31 28 0 0 0.0 0.0 1.0 1.0
57 31 29 0 0 0.0 0.0 1.0 1.0
57 31 30 0 0 0.0 0.0 1.0 1.0
57 31 31 0 0 0.0 0.0 1.0 1.0
57 31 32 0 0 0.0 0.0 1.0 1.0
57 31 33 0 0 1.0 1.0 1.0 1.0
57 31 34 0 0 1.0 1.0 1.0 1.0
57 31 35 0 0 0.0 0.0 1.0 1.0
56 31 28 0 0 0.0 0.0 1.0 1.0
56 31 29 0 0 0.0 0.0 1.0 1.0
56 31 30 0 0 0.0 0.0 1.0 1.0
56 31 31 0 0 0.0 0.0 1.0 1.0
56 31 32 0 0 0.0 0.0 1.0 1.0
56 31 33 0 0 0.0 0.0 1.0 1.0
56 31 34 0 0 0.0 0.0 1.0 1.0
56 31 35 0 0 0.0 0.0 1.0 1.0