62
61 29 29 0 1 .329 .329 .329 1.0
61 29 30 0 1 .329 .329 .329 1.0
61 29 31 0 1 .329 .329 .329 1.0
61 30 29 0 1 .329 .329 .329 1.0
61 31 29 0 1 .329 .329 .329 1.0
61 31 30 0 1 .329 .329 .329 1.0
61 31 31 0 1 .329 .329 .329 1.0
61 30 31 0 1 .329 .329 .329 1.0

60 29 29 0 0 .411 .411 .411 1.0
60 29 30 0 0 .411 .411 .411 1.0
60 29 31 0 0 .411 .411 .411 1.0
60 30 29 0 0 .411 .411 .411 1.0
60 31 29 0 0 .411 .411 .411 1.0
60 31 30 0 0 .411 .411 .411 1.0
60 31 31 0 0 .411 .411 .411 1.0
60 30 31 0 0 .411 .411 .411 1.0

59 29 29 0 0 .411 .411 .411 1.0
59 29 30 0 0 .411 .411 .411 1.0
59 29 31 0 0 .411 .411 .411 1.0
59 30 29 0 0 .411 .411 .411 1.0
59 31 29 0 0 .411 .411 .411 1.0
59 31 30 0 0 .411 .411 .411 1.0
59 31 31 0 0 .411 .411 .411 1.0
59 30 31 0 0 .411 .411 .411 1.0

58 28 28 0 0 .627 .322 .176 1.0
58 28 29 0 0 .627 .322 .176 1.0
58 28 30 0 0 .627 .322 .176 1.0
58 28 31 0 0 .627 .322 .176 1.0
58 28 32 0 0 .627 .322 .176 1.0

58 29 28 0 0 .627 .322 .176 1.0
58 29 29 0 0 .627 .322 .176 1.0
58 29 30 0 0 .627 .322 .176 1.0
58 29 31 0 0 .627 .322 .176 1.0
58 29 32 0 0 .627 .322 .176 1.0

58 30 28 0 0 .627 .322 .176 1.0
58 30 29 0 0 .627 .322 .176 1.0
58 30 30 0 0 .627 .322 .176 1.0
58 30 31 0 0 .627 .322 .176 1.0
58 30 32 0 0 .627 .322 .176 1.0

58 31 28 0 0 .627 .322 .176 1.0
58 31 29 0 0 .627 .322 .176 1.0
58 31 30 0 0 .627 .322 .176 1.0
58 31 31 0 0 .627 .322 .176 1.0
58 31 32 0 0 .627 .322 .176 1.0

58 32 28 0 0 .627 .322 .176 1.0
58 32 29 0 0 .627 .322 .176 1.0
58 32 30 0 0 .627 .322 .176 1.0
58 32 31 0 0 .627 .322 .176 1.0
58 32 32 0 0 .627 .322 .176 1.0

57 29 29 0 0 .627 .322 .176 1.0
57 29 30 0 0 .627 .322 .176 1.0
57 29 31 0 0 .627 .322 .176 1.0
57 30 29 0 0 .627 .322 .176 1.0
57 31 29 0 0 .627 .322 .176 1.0
57 31 30 0 0 .627 .322 .176 1.0
57 31 31 0 0 .627 .322 .176 1.0
57 30 31 0 0 .627 .322 .176 1.0
57 30 30 0 0 .627 .322 .176 1.0

56 30 30 0 0 .627 .322 .176 1.0

57 30 32 0 0 .961 .871 .702 1.0
56 30 32 0 0 .961 .871 .702 1.0
55 30 32 0 0 .961 .871 .702 1.0