54
53 26 27 0 1 0.0 0.0 0.0 1.0
53 26 30 0 1 0.0 0.0 0.0 1.0
53 28 27 0 1 0.0 0.0 0.0 1.0
53 28 30 0 1 0.0 0.0 0.0 1.0
52 26 27 0 0 0.458 0.282 0.192 1.0
52 26 30 0 0 0.458 0.282 0.192 1.0
52 28 27 0 0 0.458 0.282 0.192 1.0
52 28 30 0 0 0.458 0.282 0.192 1.0
51 26 27 0 0 0.458 0.282 0.192 1.0
51 27 27 0 0 0.458 0.282 0.192 1.0
51 28 27 0 0 0.458 0.282 0.192 1.0
51 26 28 0 0 0.458 0.282 0.192 1.0
51 27 28 0 0 0.458 0.282 0.192 1.0
51 28 28 0 0 0.458 0.282 0.192 1.0
51 26 29 0 0 0.458 0.282 0.192 1.0
51 27 29 0 0 0.458 0.282 0.192 1.0
51 28 29 0 0 0.458 0.282 0.192 1.0
51 26 30 0 0 0.458 0.282 0.192 1.0
51 27 30 0 0 0.458 0.282 0.192 1.0
51 28 30 0 0 0.458 0.282 0.192 1.0
50 26 27 0 0 0.458 0.282 0.192 1.0
50 27 27 0 0 0.458 0.282 0.192 1.0
50 28 27 0 0 0.458 0.282 0.192 1.0
50 26 28 0 0 0.458 0.282 0.192 1.0
50 27 28 0 0 0.458 0.282 0.192 1.0
50 28 28 0 0 0.458 0.282 0.192 1.0
50 26 29 0 0 0.458 0.282 0.192 1.0
50 27 29 0 0 0.458 0.282 0.192 1.0
50 28 29 0 0 0.458 0.282 0.192 1.0
50 26 30 0 0 0.458 0.282 0.192 1.0
50 27 30 0 0 0.458 0.282 0.192 1.0
50 28 30 0 0 0.458 0.282 0.192 1.0
49 26 27 0 0 0.458 0.282 0.192 1.0
49 27 27 0 0 0.458 0.282 0.192 1.0
49 28 27 0 0 0.458 0.282 0.192 1.0
49 26 28 0 0 0.458 0.282 0.192 1.0
49 27 28 0 0 0.458 0.282 0.192 1.0
49 28 28 0 0 0.458 0.282 0.192 1.0
49 26 29 0 0 0.458 0.282 0.192 1.0
49 27 29 0 0 0.458 0.282 0.192 1.0
49 28 29 0 0 0.458 0.282 0.192 1.0
49 26 30 0 0 0.458 0.282 0.192 1.0
49 27 30 0 0 0.458 0.282 0.192 1.0
49 28 30 0 0 0.458 0.282 0.192 1.0
49 27 31 0 0 0.0 0.0 0.0 1.0
49 27 26 0 0 0.458 0.282 0.192 1.0
48 27 26 0 0 0.458 0.282 0.192 1.0
48 27 25 0 0 0.458 0.282 0.192 1.0
47 27 25 0 0 0.458 0.282 0.192 1.0
47 27 24 0 0 0.458 0.282 0.192 1.0
47 27 23 0 0 0.458 0.282 0.192 1.0
47 26 24 0 0 0.458 0.282 0.192 1.0
47 28 24 0 0 0.458 0.282 0.192 1.0
46 27 24 0 0 0.458 0.282 0.192 1.0